203336
203338
203339
203340
203341
203342
203343
203344
203345
203347
203349
203351
203352
203353
203354
203355
203356
203357
203358
203359
203361
203364
203365
203366
203367
203368
203369
203370
203371
203372
203373
203374
203377
203378
203379
203380
203381
203382
203383
203384
203385
203386
203387
203388
203389
203390
203392
203393
203394
203395
203396
203397
203398
203399
203400
203401
203403
203404
203405
203406
203407
203408
203409
203410
203412
203414
203415
203417
203418
203419
203420
203421
203423
203424
203425
203428
203431
203432
203433
203434
203435
203436
203437
203438
203439
203440
203441
203442
203443
203444
203445
203447
203451
203452
203453
203454
203455
203456
203457
203458
203459
203460
203461
203462
203463
203464
203465
203466
203467
203468
203469
203470
203471
203472
203473
203474
203476
203477
203479
203480
203482
203484
203486
203489
203490
203491
203492
203493
203494
203495
203496
203498
203499
203500
203501
203503
203504
203506
203507
203508
203510
203511
203512
203513
203514
203515
203516
203517
203518
203519
203520
203521
203522
203523
203524
203525
203527
203528
203529
203531
203533
203534
203535
203536
203538
203540
203541
203542
203543
203544
203546
203547
203548
203551
203552
203553
203554
203555
203557
203558
203559
203560
203561
203562
203563
203564
203565
203566
203567
203568
203569
203570
203571
203572
203573
203575
203576
203577
203578
203579
203580
203581
203582
203583
203584
203587
203588
203589
203590
203591
203592
203593
203595
203596
203597
203598
203599
203600
203601
203603
203604
203605
203606
203607
203608
203609
203610
203611
203612
203613
203614
203616
203617
203618
203619
203620
203621
203622
203623
203624
203625
203626
203627
203630
203632
203635
203637
203638
203639
203641
203643
203644
203646
203647
203648
203650
203651
203652
203653
203654
203655
203656
203657
203658
203660
203662
203663
203664
203665
203666
203667
203668
203669
203670
203672
203674
203678
203679
203682
203684
203685
203687
203688
203689
203690
203691
203693
203694
203695
203696
203698
203699
203700
203702
203704
203705
203706
203707
203708
203709
203710
203711
203713
203714
203715
203718
203720
203721
203722
203723
203724
203725
203726
203727
203729
203730
203731
203732
203733
203735
203736
203737
203738
203739
203745
203746
203747
203748
203749
203750
203751
203753
203754
203756
203758
203759
203760
203761
203762
203764
203767
203769
203770
203771
203773
203774
203775
203776
203777
203778
203779
203782
203783
203784
203785
203786
203787
203788
203790
203791
203792
203794
203795
203798
203799
203800
203801
203802
203803
203805
203806
203807
203810
203811
203812
203813
203814
203815
203816
203817
203818
203821
203822
203824
203825
203826
203829
203830
203831
203832
203833
203834
203835
203837
203838
203840
203842
203844
203846
203847
203848
203849
203850
203852
203854
203855
203856
203857
203858
203859
203860
203861
203863
203864
203866
203868
203869
203870
203872
203873
203874
203875
203876
203878
203880
203881
203882
203883
203884
203885
203886
203887
203888
203889
203891
203893
203894
203895
203896
203897
203898
203899
203900
203901
203902
203903
203904
203905
203906
203907
203908
203909
203912
203914
203915
203916
203918
203919
203920
203921
203922
203923
203924
203925
203926
203927
203929
203930
203931
203932
203933
203934
203935
203937
203938
203939
203940
203941
203942
203943
203944
203945
203946
203947
203948
203950
203951
203952
203954
203956
203958
203959
203960
203961
203962
203963
203964
203966
203967
203968
203969
203970
203971
203972
203973
203974
203975
203978
203980
203981
203982
203984
203985
203987
203988
203989
203990
203991
203992
203994
203995
203996
203997
204000
204001
204002
204003
204005
204006
204007
204008
204009
204010
204011
204012
204013
204015
204016
204017
204018
204019
204020
204021
204022
204023
204024
204028
204031
204032
204033
204034
204035
204036
204037
204038
204039
204041
204042
204043
204044
204046
204047
204048
204049
204050
204051
204052
204053
204054
204055
204056
204057
204058
204059
204060
204061
204062
204063
204064
204065
204066
204067
204068
204069
204071
204072
204073
204074
204075
204078
204079
204081
204082
204083
204084
204085
204087
204088
204089
204091
204092
204093
204094
204095
204096
204097
204098
204099
204100
204101
204102
204104
204105
204106
204107
204111
204112
204113
204114
204115
204116
204117
204118
204121
204122
204123
204124
204125
204126
204127
204129
204130
204132
204133
204134
204135
204136
204137
204138
204139
204140
204141
204142
204143
204144
204145
204146
204147
204148
204149
204150
204152
204153
204154
204155
204156
204157
204158
204159
204161
204162
204163
204164
204165
204166
204167
204168
204169
204170
204171
204172
204174
204175
204176
204177
204178
204179
204180
204181
204182
204183
204184
204185
204186
204187
204188
204189
204190
204191
204192
204193
204194
204195
204196
204197
204198
204199
204201
204202
204203
204206
204207
204209
204210
204211
204214
204215
204220
204221
204222
204223
204224
204225
204226
204229
204230
204231
204232
204233
204234
204235
204236
204237
204238
204239
204240
204241
204242
204243
204246
204247
204249
204251
204252
204253
204254
204255
204256
204258
204261
204262
204263
204264
204265
204266
204267
204268
204269
204272
204273
204274
204275
204277
204278
204280
204281
204282
204283
204284
204285
204286
204287
204288
204289
204291
204292
204293
204295
204296
204298
204299
204300
204301
204302
204303
204304
204305
204309
204310
204311
204313
204314
204315
204316
204317
204319
204320
204322
204324
204325
204327
204328
204330
204331
204332
204333
204334
204335
204336
204337
204338
204340
204341
204342
204343
204344
204346
204347
204349
204350
204352
204353
204354
204356
204357
204360
204361
204362
204363
204364
204365
204366
204367
204368
204370
204371
204372
204375
204376
204377
204378
204379
204380
204381
204382
204383
204384
204385
204386
204387
204389
204390
204391
204392
204393
204395
204396
204397
204398
204399
204400
204401
204402
204404
204406
204407
204410
204411
204412
204413
204414
204415
204417
204418
204419
204420
204422
204424
204425
204426
204427
204428
204429
204430
204431
204432
204433
204434
204435
204436
204439
204440
204443
204444
204445
204446
204447
204448
204449
204450
204451
204452
204453
204454
204455
204457
204459
204460
204461
204462
204463
204464
204465
204466
204467
204468
204469
204471
204472
204474
204475
204476
204477
204480
204481
204482
204489
204491
204492
204493
204494
204495
204496
204497
204498
204499
204500
204501
204502
204503
204504
204505
204506
204507
204508
204509
204511
204512
204514
204515
204516
204517
204518
204519
204520
204521
204522
204523
204524
204525
204526
204529
204530
204531
204532
204534
204535
204536
204537
204538
204539
204540
204541
204543
204544
204546
204547
204548
204549
204550
204551
204552
204553
204556
204557
204558
204559
204560
204561
204562
204563
204564
204565
204566
204567
204570
204572
204573
204575
204577
204578
204579
204580
204581
204582
204583
204584
204585
204586
204587
204588
204592
204593
204594
204595
204598
204599
204601
204602
204603
204605
204606
204607
204608
204609
204610
204611
204612
204613
204616
204617
204618
204619
204620
204621
204622
204623
204628
204629
204630
204632
204633
204636
204637
204638
204639
204640
204641
204642
204643
204645
204646
204647
204648
204649
204650
204651
204652
204653
204654
204656
204657
204658
204659
204660
204661
204662
204663
204665
204666
204668
204669
204670
204671
204672
204674
204675
204676
204677
204678
204679
204681
204684
204685
204686
204687
204690
204691
204692
204694
204695
204696
204697
204699
204700
204701
204702
204704
204706
204707
204708
204709
204710
204711
204712
204713
204714
204715
204716
204717
204718
204719
204720
204722
204723
204724
204725
204726
204727
204729
204730
204731
204732
204734
204735
204738
204739
204740
204741
204742
204743
204744
204745
204746
204747
204748
204749
204751
204752
204753
204754
204755
204998
