5
7
8
9
11
14
15
16
17
19
21
22
25
27
29
30
33
35
36
41
42
43
44
46
48
52
54
55
57
58
59
61
62
67
69
71
76
77
79
83
84
89
90
92
93
99
100
101
102
107
109
112
113
118
121
123
127
128
131
133
134
135
142
146
148
150
152
155
159
162
165
166
168
170
171
172
173
176
178
181
183
186
188
190
191
192
195
199
200
202
204
207
209
210
211
217
218
223
225
226
227
229
230
234
236
238
240
242
244
249
251
254
256
260
264
266
268
270
274
279
281
282
284
285
286
288
291
292
296
303
309
311
315
316
319
320
321
323
326
327
328
331
335
336
337
338
340
346
348
349
350
352
354
356
359
360
364
365
369
371
372
373
377
378
379
382
384
386
388
392
396
403
404
406
407
412
416
426
427
430
433
434
435
437
439
441
448
449
450
451
455
456
458
459
461
466
468
471
476
477
478
480
481
485
491
495
496
498
499
500
501
504
505
507
508
509
511
517
520
522
523
525
526
529
532
537
539
540
542
543
547
549
554
555
557
558
563
564
567
570
572
573
576
577
578
581
586
588
589
591
594
595
598
600
602
603
608
610
619
620
621
624
625
627
628
631
632
634
635
637
639
640
641
643
646
647
648
649
654
655
657
659
661
664
666
667
668
671
673
674
676
677
678
681
684
685
689
690
693
697
700
702
707
708
714
716
718
724
725
727
728
730
732
733
735
737
739
743
745
747
749
752
754
756
759
760
762
764
767
770
771
772
774
777
781
784
787
789
790
794
797
799
801
803
806
807
810
812
815
817
818
820
823
824
825
829
832
836
838
841
843
845
847
848
850
852
854
855
861
863
864
865
868
870
871
873
874
879
880
881
883
884
890
892
895
897
898
901
905
907
909
910
913
915
917
918
923
924
926
930
932
933
934
940
943
944
950
952
955
956
958
960
964
965
967
968
971
